1 1 1
2 -1 1
3 4.01605e-06 1
4 -1 1
5 1.61286e-11 1
6 -1 1
7 6.47734e-17 1
8 -1 1
9 2.60133e-22 1
10 -1 1
11 1.04471e-27 1
12 -1 1
13 4.19559e-33 1
14 -1 1
15 1.68497e-38 1
16 -1 1
17 6.76692e-44 1
18 -1 1
19 2.71763e-49 1
20 -1 1
21 1.09141e-54 1
22 -1 1
23 4.38317e-60 1
24 -1 1
25 1.7603e-65 1
26 -1 1
27 7.06945e-71 1
28 -1 1
29 2.83913e-76 1
30 -1 1
31 1.14021e-81 1
32 -1 1
33 4.57913e-87 1
34 -1 1
35 1.839e-92 1
36 -1 1
37 7.38551e-98 1
38 -1 1
39 2.96606e-103 1
40 -1 1
41 1.19118e-108 1
42 -1 1
43 4.78384e-114 1
44 -1 1
45 1.92122e-119 1
46 -1 1
47 7.71569e-125 1
48 -1 1
49 3.09866e-130 1
50 -1 1
51 1.24444e-135 1
52 -1 1
53 4.99772e-141 1
54 -1 1
55 2.00711e-146 1
56 -1 1
57 8.06064e-152 1
58 -1 1
59 3.23719e-157 1
60 -1 1
61 1.30007e-162 1
62 -1 1
63 5.22115e-168 1
64 -1 1
65 2.09684e-173 1
66 -1 1
67 8.42101e-179 1
68 -1 1
69 3.38192e-184 1
70 -1 1
71 1.35819e-189 1
72 -1 1
73 5.45457e-195 1
74 -1 1
75 2.19058e-200 1
76 -1 1
77 8.79748e-206 1
78 -1 1
79 3.53311e-211 1
80 -1 1
81 1.41891e-216 1
82 -1 1
83 5.69843e-222 1
84 -1 1
85 2.28852e-227 1
86 -1 1
87 9.19079e-233 1
88 -1 1
89 3.69107e-238 1
90 -1 1
91 1.48235e-243 1
92 -1 1
93 5.95319e-249 1
94 -1 1
95 2.39083e-254 1
96 -1 1
97 9.60169e-260 1
98 -1 1
99 3.85608e-265 1
100 -1 1
